latitude=11.7
longitude=77.9


//was previously 22.243721837502203 87.87834660915972
